For KNN Euclidean train set: 0.2334    0.2162    0.2120    0.2111    0.2117    0.2139    0.2153    0.2165    0.2177  0.2201    0.2215

For the KNN city block train set: .2342    0.2148    0.2086    0.2083    0.2066    0.2068    0.2072    0.2086    0.2098 0.2116    0.2126

error1 =

  Columns 1 through 9

    0.1982    0.1659    0.1507    0.1519    0.1534    0.1538    0.1564    0.1576    0.1573

  Columns 10 through 18

    0.1546    0.1528    0.1524    0.1520    0.1506    0.1587    0.1601    0.1596    0.1611

  Columns 19 through 27

    0.1591    0.1594    0.1604    0.1607    0.1610    0.1600    0.1608    0.1623    0.1631

  Columns 28 through 36

    0.1626    0.1622    0.1619    0.1603    0.1613    0.1608    0.1604    0.1616    0.1600

  Columns 37 through 41

    0.1631    0.1637    0.1637    0.1644    0.1643
	
THis is error0
 0.2614    0.2556    0.2502    0.2581    0.2500    0.2504    0.2540    0.2553    0.2490

  Columns 10 through 15

    0.2514    0.2518    0.2500    0.2504    0.2527    0.2513